euclidean
5
86.0180238818 54.6903217027
34.3057124512 -20.6445396891
60.5880250468 -11.9765313128
13.3470803975 67.4251019784
84.3835813917 -52.6339406379
0.0 91.37562308631898 71.35232394067674 73.77832104064217 107.3367070912698 
91.37562308631898 0.0 27.67479583628481 90.52914470499117 59.42318344451442 
71.35232394067674 27.67479583628481 0.0 92.39224112807334 47.10895280937464 
73.77832104064217 90.52914470499117 92.39224112807334 0.0 139.50038776810783 
107.3367070912698 59.42318344451442 47.10895280937464 139.50038776810783 0.0 
